,pax_D,pax_I,avg_fare_D,avg_fare_I,Selling Prices ,Capacities ,Month_Rank
pax_D,1.0,0.75,0.63,0.5,0.58,-0.34,-0.91
pax_I,0.75,1.0,0.62,0.79,0.59,-0.06,-0.78
avg_fare_D,0.63,0.62,1.0,0.41,0.54,-0.18,-0.67
avg_fare_I,0.5,0.79,0.41,1.0,0.48,-0.08,-0.52
Selling Prices ,0.58,0.59,0.54,0.48,1.0,-0.12,-0.71
Capacities ,-0.34,-0.06,-0.18,-0.08,-0.12,1.0,0.24
Month_Rank,-0.91,-0.78,-0.67,-0.52,-0.71,0.24,1.0
